22732
3
1
0 3337200 10672000
0 3335500 10672000
1 3335500 10672000
1 3335500 10575360
1 3335500 4760640
2 3335500 4760640
2 4698000 4760640
0 1 71
1 1 1853
1 0 2368
2 0 2770
2
0 3337200 11131520
0 3333900 11131520
1 3333900 11131520
1 3333900 10575360
1 3333900 4589440
2 3335500 4589440
2 4698000 4589440
0 1 408
1 1 1852
1 0 2367
2 0 2670
3
2 3337200 11131840
2 3332300 11131840
1 3332300 11131840
1 3332300 10575360
1 3332300 4605440
2 3335500 4605440
2 4698000 4605440
2 1 323
1 1 1851
1 0 2365
2 0 2680
4
0 3337200 10743200
0 3330700 10743200
1 3330700 10743200
1 3330700 10575360
1 3330700 6462720
2 3335500 6462720
2 4698000 6462720
0 1 123
1 1 1850
1 0 2364
2 0 3761
5
2 3337200 10676480
2 3329100 10676480
1 3329100 10676480
1 3329100 10575360
1 3329100 4771840
2 3335500 4771840
2 4698000 4771840
2 1 58
1 1 1849
1 0 2363
2 0 2777
6
0 3337200 11213120
0 3327500 11213120
1 3327500 11213120
1 3327500 10575360
1 3327500 5736640
2 3335500 5736640
2 4698000 5736640
0 1 468
1 1 1848
1 0 2361
2 0 3338
7
0 3337200 11814400
0 3325900 11814400
1 3325900 11814400
1 3325900 10575360
1 3325900 4075200
2 3335500 4075200
2 4698000 4075200
0 1 911
1 1 1847
1 0 2360
2 0 2371
8
2 3337200 11220160
2 3324300 11220160
1 3324300 11220160
1 3324300 10575360
1 3324300 5730240
2 3335500 5730240
2 4698000 5730240
2 1 374
1 1 1846
1 0 2358
2 0 3334
9
2 3337200 11815680
2 3322700 11815680
1 3322700 11815680
1 3322700 10575360
1 3322700 4083200
2 3335500 4083200
2 4698000 4083200
2 1 721
1 1 1845
1 0 2357
2 0 2376
10
0 3337200 12270240
0 3319300 12270240
1 3319300 12270240
1 3319300 10575360
1 3319300 3904000
2 3335500 3904000
2 4698000 3904000
0 1 1246
1 1 1844
1 0 2356
2 0 2271
11
2 3337200 12272640
2 3317700 12272640
1 3317700 12272640
1 3317700 10575360
1 3317700 3913600
2 3335500 3913600
2 4698000 3913600
2 1 987
1 1 1843
1 0 2355
2 0 2277
12
2 3337200 10728960
2 3316100 10728960
1 3316100 10728960
1 3316100 10575360
1 3316100 6469120
2 3335500 6469120
2 4698000 6469120
2 1 88
1 1 1842
1 0 2354
2 0 3765
13
0 3337200 12336640
0 3314500 12336640
1 3314500 12336640
1 3314500 10575360
1 3314500 6356800
2 3335500 6356800
2 4698000 6356800
0 1 1295
1 1 1841
1 0 2353
2 0 3699
14
0 3337200 11188640
0 3312900 11188640
1 3312900 11188640
1 3312900 10575360
1 3312900 6562240
2 3335500 6562240
2 4698000 6562240
0 1 450
1 1 1840
1 0 2351
2 0 3819
15
0 3337200 10965760
0 3311300 10965760
1 3311300 10965760
1 3311300 10575360
1 3311300 9987840
2 3335500 9987840
2 4698000 9987840
0 1 287
1 1 1839
1 0 2350
2 0 5813
16
0 3337200 11184960
0 3309700 11184960
1 3309700 11184960
1 3309700 10575360
1 3309700 6363200
2 3335500 6363200
2 4698000 6363200
0 1 448
1 1 1838
1 0 2349
2 0 3703
17
0 3337200 11425280
0 3308100 11425280
1 3308100 11425280
1 3308100 10575360
1 3308100 9984640
2 3335500 9984640
2 4698000 9984640
0 1 624
1 1 1837
1 0 2347
2 0 5811
18
2 3337200 11600000
2 3306500 11600000
1 3306500 11600000
1 3306500 10575360
1 3306500 8631360
2 3335500 8631360
2 4698000 8631360
2 1 596
1 1 1836
1 0 2346
2 0 5024
